0 0.1234375 0.090625 0.05703125 0.0671875
0 0.4171875 0.13671875 0.015625 0.01484375
0 0.45546875 0.1484375 0.021875 0.02265625
0 0.57578125 0.146875 0.04140625 0.05
0 0.9375 0.165625 0.04140625 0.05234375
0 0.16171875 0.38125 0.03203125 0.03984375
0 0.38359375 0.30859375 0.04453125 0.04453125
0 0.56953125 0.41953125 0.06015625 0.05234375
0 0.91640625 0.36875 0.03828125 0.059375
0 0.17109375 0.6921875 0.05078125 0.0296875
0 0.39765625 0.55390625 0.03515625 0.03203125
0 0.68984375 0.58359375 0.04765625 0.04765625
0 0.8484375 0.59765625 0.04765625 0.05
0 0.13984375 0.9125 0.03203125 0.0171875
0 0.403125 0.809375 0.01875 0.01953125
0 0.6578125 0.9015625 0.04140625 0.01953125
0 0.67890625 0.8734375 0.01875 0.01953125
0 0.81640625 0.93828125 0.02890625 0.0296875
0 0.57265625 0.90390625 0.015625 0.01015625